00010001010000000000000000000000
00000111010000000000000000000000
00011001000000000000000000000000
00110100010000000000000000000000

01010001010000000000000001101000
01000111010000000000000001010000
01011001000000000000000010110010
01110100010000000000000000100100

01010001010000000000000000101011
01000111010000000000000000001000
01011001000000000000000001010100
01110100010000000000000011001010

10010001010000000000000000000000
10000111010000000000000000000000
10011001000000000000000000000000
10110100010000000000000000000000

00010001110000000000000000000000
00000101010000000000000000000000
00011001000000000000000000000000
00110100010000000000000000000000

01010001110000000000000001011101
01000101010000000000000001010001
01011001000000000000000011111111
01110100010000000000000011011111

01010001110000000000000000001100
01000101010000000000000010000000
01011001000000000000000000000001
01110100010000000000000000101011

10010001110000000000000000000000
10000101010000000000000000000000
10011001000000000000000000000000
10110100010000000000000000000000