00010001110000000000000000000000
00000111010000000000000000000000
00011001000000000000000000000000
00110101010000000000000000000000

01010001110000000000000001110000
01000111010000000000000000000110
01011001000000000000000010101110
01110101010000000000000000000010

01010001110000000000000001010111
01000111010000000000000001111100
01011001000000000000000001000000
01110101010000000000000011110011

10010001110000000000000000000000
10000111010000000000000000000000
10011001000000000000000000000000
10110101010000000000000000000000

00010001110000000000000000000000
00000111010000000000000000000000
00011001010000000000000000000000
00110100010000000000000000000000

01010001110000000000000011111100
01000111010000000000000010111110
01011001010000000000000000000110
01110100010000000000000010001010

01010001110000000000000000011110
01000111010000000000000000011000
01011001010000000000000010101110
01110100010000000000000010101110

10010001110000000000000000000000
10000111010000000000000000000000
10011001010000000000000000000000
10110100010000000000000000000000